0.123629 -0.210073 0.939601 2.15412 7.31326 -0.136643 -0.0198573 -0.136643 8.2706 0.0288227 -0.0198573 0.0288227 2.50761
0.126886 -0.470681 0.994077 2.06083 7.26943 -0.18856 -0.0415229 -0.18856 8.26889 0.0717351 -0.0415229 0.0717351 2.51927
0.122244 -0.392912 0.906618 2.08205 7.29464 -0.220417 -0.0277928 -0.220417 8.28785 0.0535755 -0.0277928 0.0535755 2.5197
0.123502 -0.254347 0.831488 2.10707 7.30454 -0.0596943 -0.0109426 -0.0596943 8.28598 0.00645435 -0.0109426 0.00645411 2.51735
0.126261 -0.245873 0.995342 2.0302 7.28805 -0.180435 0.024073 -0.180435 8.22815 0.0498815 0.0240729 0.0498817 2.51077
0.128221 -0.355347 0.917665 2.13394 7.3188 -0.252854 -0.0633319 -0.252854 8.28848 -0.0189416 -0.0633319 -0.0189416 2.51566
0.122932 -0.30203 0.900973 1.94009 7.26155 -0.258061 -0.00749904 -0.258061 8.24101 0.0904578 -0.00749898 0.0904578 2.5004
0.126299 -0.0652569 0.800378 2.09582 7.25226 -0.143224 0.0370929 -0.143223 8.25377 -0.0182716 0.0370929 -0.0182716 2.51265
0.00422723 2.19886 3.65777 3.9098 0.0101199 0.00535011 0.0004282 0.00535011 0.33114 0.00102901 0.0004282 0.00102901 0.000389099
0.00303821 3.63693 4.5043 3.76618 0.00575447 0.0007267 0.00436592 0.0007267 0.0673084 -0.00910378 0.00436592 -0.00910378 0.0374184
0.025582 1.3932 3.42772 4.07456 1.01653 0.292635 -0.0106673 0.292635 0.863523 -0.00132561 -0.0106673 -0.00132561 0.000137329
0.000651457 -0.190271 4.23485 4.0858 0.00479055 -0.0275587 -0.00218481 -0.0275587 0.313581 0.0185509 -0.00218481 0.018549 0.00147629
0.00147233 -0.301369 4.31314 3.95572 6.14598e-05 0.00112009 6.47306e-05 0.00112009 0.1057 -0.00959969 6.48499e-05 -0.00960159 0.0118551
0.0113597 1.35917 4.8402 3.60039 1.04185 -0.0481377 0.000404835 -0.0481377 0.00922394 -0.00227547 0.000404835 -0.00227547 0.0644836
0.0113634 2.25381 4.85358 3.3495 0.762691 0.0419941 0.0420322 0.0419931 0.00397873 0.00416183 0.0420313 0.00416183 0.140488
0 0 0 0 1 0 0 0 1 0 0 0 1
0.0193075 -3.00257 -0.196865 0.543796 0.297938 0.474031 0.047891 0.474031 6.18746 -0.866676 0.0478909 -0.866676 0.19137
0.0265286 -2.80127 4.56537 1.1444 1.40514 0.0977249 0.420799 0.097724 0.0745926 0.0230508 0.420799 0.0230508 0.806413
0.0430629 -3.60914 1.28659 0.734244 0.204927 -0.202853 0.0216372 -0.202853 6.79752 -1.33747 0.0216372 -1.33747 0.371742
0.0669142 -4.34218 1.10647 1.92388 0.000501633 0.0209632 0.00552559 0.0209632 5.23611 0.624014 0.00552559 0.624014 1.00535
0 0 0 0 1 0 0 0 1 0 0 0 1
0.0194541 -3.05758 4.02155 4.06169 0.889729 0.246838 0.0247555 0.246838 0.315348 0.0135365 0.0247555 0.0135365 0.00664711
0.0578249 -2.35385 4.86443 2.61303 1.45983 0.00552082 0.174944 0.00552082 0.00753593 -0.00621223 0.174944 -0.00621223 0.932059
0 0 0 0 1 0 0 0 1 0 0 0 1
0 0 0 0 1 0 0 0 1 0 0 0 1
0 0 0 0 1 0 0 0 1 0 0 0 1
0 0 0 0 1 0 0 0 1 0 0 0 1
0 0 0 0 1 0 0 0 1 0 0 0 1
0 0 0 0 1 0 0 0 1 0 0 0 1
0 0 0 0 1 0 0 0 1 0 0 0 1
0 0 0 0 1 0 0 0 1 0 0 0 1
0 0 0 0 1 0 0 0 1 0 0 0 1
0 0 0 0 1 0 0 0 1 0 0 0 1
0 0 0 0 1 0 0 0 1 0 0 0 1
0 0 0 0 1 0 0 0 1 0 0 0 1
0 0 0 0 1 0 0 0 1 0 0 0 1
0 0 0 0 1 0 0 0 1 0 0 0 1
0 0 0 0 1 0 0 0 1 0 0 0 1
0 0 0 0 1 0 0 0 1 0 0 0 1
0 0 0 0 1 0 0 0 1 0 0 0 1
0.000278136 0.610797 4.10725 1.35926 1.79165 0.268177 0.0835803 0.268177 0.0404186 0.0127892 0.0835803 0.0127892 0.00778437
0.00463076 0.565558 2.07186 0.800993 0.117646 -0.00329888 -0.014722 -0.00329888 0.0709152 -0.0224314 -0.014722 -0.0224314 0.0183054
0.0387036 1.29207 4.8497 1.48628 1.64475 -0.0302367 0.312577 -0.0302367 0.00519753 -0.0128345 0.312577 -0.0128336 0.610354
0.0183386 1.32714 3.83 -0.0058392 1.42933 -0.310494 -0.0112449 -0.310494 0.325841 0.00430996 -0.0112449 0.00430996 0.000104721
0.00855144 3.40765 3.99509 0.466998 0.0269184 0.0902061 0.0427482 0.0902061 0.423093 0.11196 0.0427482 0.11196 0.131529
0.0127864 1.72612 4.63648 0.481841 1.38746 0.0398579 0.106334 0.0398579 0.00883675 0.0285304 0.106334 0.0285304 0.11061
0.00801265 0.0610239 3.82462 1.33224 0.047443 -0.00377043 -0.0112164 -0.00377043 0.182728 0.310706 -0.0112164 0.310706 0.533952
0 0 0 0 1 0 0 0 1 0 0 0 1
0.0186174 -0.582682 0.338754 3.72117 0.014896 0.0757669 -0.0173562 0.0757669 4.38218 -0.0369257 -0.0173562 -0.0369258 0.0300989
0.0931131 -2.32557 0.0875171 4.08103 1.40805 0.440249 0.00388908 0.440248 4.26064 0.00162035 0.00388908 0.00162041 0.00178337
0 0 0 0 1 0 0 0 1 0 0 0 1
0 0 0 0 1 0 0 0 1 0 0 0 1
0.016862 -4.308 -1.04604 3.61498 0.00247955 0.0347214 0.0123949 0.0347214 2.29165 0.197796 0.0123959 0.197796 0.100079
0 0 0 0 1 0 0 0 1 0 0 0 1
0.0178123 -2.6148 -3.36584 3.36906 0.967131 0.0387774 -0.0190926 0.0387774 0.0775404 -0.0407019 -0.0190926 -0.0407019 0.230383
0.0131001 -0.429844 0.829606 3.71462 0.0147707 -0.00122637 0.0185132 -0.00122637 3.28674 -0.0187907 0.0185132 -0.0187907 0.0299597
0.0169115 -0.835223 -2.06013 0.61036 0.0507427 -0.00682163 -0.025654 -0.00682163 0.330696 -0.00825882 -0.025654 -0.00825882 0.129721
0.0137315 1.54396 0.512761 0.157937 1.43302 -1.75403 -0.0179268 -1.75403 2.78779 0.00735269 -0.0179267 0.00735269 0.0129791
0.079321 0.758496 0.146722 -0.00608653 2.18735 -0.968254 -0.0136975 -0.968254 3.85467 0.00259413 -0.0136975 0.00259413 0.000111186
0.0233169 -0.908436 -3.28294 0.496118 3.04329 -0.0822327 -0.11392 -0.0822327 0.0225306 -0.014935 -0.11392 -0.0149351 0.11738
0.0113956 -2.913 -1.0096 0.252551 0.0999413 0.223289 0.0130206 0.22329 1.9957 -0.060127 0.0130206 -0.060127 0.0351133
0.0206939 -0.0737676 1.38048 0.54166 0.436279 0.00707436 -0.0130424 0.00707436 0.156652 0.0130484 -0.0130424 0.0130484 0.074667
0.0300753 -2.14124 -0.637518 0.00752193 0.798388 0.572665 -0.00237757 0.572665 2.84275 -0.00305748 -0.00237757 -0.00305748 9.50102e-06
0.00565164 0.851511 -2.35263 0.0710921 2.37126 -0.669849 -0.0680073 -0.669849 0.400739 0.0186797 -0.0680073 0.0186797 0.00201762
0.0575451 3.57516 0.193951 3.15657 0.010129 -0.0223873 -0.00646019 -0.0223873 4.44203 0.0529463 -0.00646019 0.0529464 0.307517
0.0137747 2.76556 -0.606362 1.1919 0.103532 0.0287528 -0.0029161 0.0287528 0.219147 -0.0184473 -0.0029161 -0.0184473 0.219849
0.0429189 1.27323 -3.39809 2.43684 1.70871 -0.000133038 -0.0494211 -0.000133038 0.00340652 -0.0371628 -0.0494211 -0.0371628 0.91389
0.0425895 3.51488 2.32521 1.39985 0.0121117 0.0454865 0.0556164 0.0454865 1.64226 0.538106 0.0556164 0.538106 0.674564
0.0638766 2.03507 -0.548549 4.03435 0.863148 0.489874 -0.0158958 0.489874 3.1051 -0.0118058 -0.0158958 -0.0118058 0.00445366
0 0 0 0 1 0 0 0 1 0 0 0 1
0.00419723 -0.422306 -2.88098 3.72257 0.0157193 0.00935709 0.0181437 0.00935709 0.112461 -0.00496197 0.0181437 -0.00496197 0.0409298
0.027907 3.42635 -2.05052 1.44836 0.0221748 0.0744686 0.00197029 0.0744686 0.476996 0.0303235 0.00197029 0.0303235 0.460681
0 0 0 0 1 0 0 0 1 0 0 0 1
0.00244176 2.21702 3.65744 3.89616 0.00966311 0.00528336 0.000427246 0.00528336 0.296953 0.000695229 0.000427246 0.000695229 7.24792e-05
0 0 0 0 1 0 0 0 1 0 0 0 1
0 0 0 0 1 0 0 0 1 0 0 0 1
0 0 0 0 1 0 0 0 1 0 0 0 1
0 0 0 0 1 0 0 0 1 0 0 0 1
0.00177216 2.17275 3.64715 3.92832 0.00962496 0.0038929 0.00119591 0.0038929 0.365352 0.00127316 0.00119591 0.00127316 0.000198364
0 0 0 0 1 0 0 0 1 0 0 0 1
0 0 0 0 1 0 0 0 1 0 0 0 1
0 0 0 0 1 0 0 0 1 0 0 0 1
0.000444555 3.52921 4.55023 3.60936 0.000339508 -0.00152779 -0.000293732 -0.00152779 0.0474529 0.00087738 -0.000293732 0.00087738 0.00131798
0 0 0 0 1 0 0 0 1 0 0 0 1
0.00231477 3.67945 4.52046 3.80784 0.0011301 0.000963211 0.000145912 0.000963211 0.071022 -0.00964165 0.000145912 -0.00964355 0.0368433
0 0 0 0 1 0 0 0 1 0 0 0 1
0 0 0 0 1 0 0 0 1 0 0 0 1
0.00031007 3.5186 4.40203 3.67663 0.000968933 0.00176048 0.00157261 0.00176048 0.0403061 0.00344658 0.00157261 0.00344658 0.0026083
0 0 0 0 1 0 0 0 1 0 0 0 1
0.0257257 1.40418 3.43281 4.0745 1.02375 0.306052 -0.0106125 0.306052 0.865084 -0.00140953 -0.0106125 -0.00140953 0.000144958
0 0 0 0 1 0 0 0 1 0 0 0 1
0 0 0 0 1 0 0 0 1 0 0 0 1
0 0 0 0 1 0 0 0 1 0 0 0 1
0 0 0 0 1 0 0 0 1 0 0 0 1
0 0 0 0 1 0 0 0 1 0 0 0 1
0 0 0 0 1 0 0 0 1 0 0 0 1
0 0 0 0 1 0 0 0 1 0 0 0 1
0 0 0 0 1 0 0 0 1 0 0 0 1
0 0 0 0 1 0 0 0 1 0 0 0 1
0 0 0 0 1 0 0 0 1 0 0 0 1
0 0 0 0 1 0 0 0 1 0 0 0 1
0 0 0 0 1 0 0 0 1 0 0 0 1
0 0 0 0 1 0 0 0 1 0 0 0 1
0 0 0 0 1 0 0 0 1 0 0 0 1
0 0 0 0 1 0 0 0 1 0 0 0 1
0.000542277 -0.300112 4.43996 4.01648 1.15111e-05 0.000826597 -0.000264168 0.000826597 0.10257 -0.0208988 -0.000264049 -0.0208969 0.008358
0 0 0 0 1 0 0 0 1 0 0 0 1
0 0 0 0 1 0 0 0 1 0 0 0 1
0 0 0 0 1 0 0 0 1 0 0 0 1
0.000836352 -0.302323 4.20543 3.91474 8.84384e-06 0.000673175 -0.000255108 0.000673413 0.0677643 -0.0145054 -0.000255108 -0.0145054 0.00936317
0 0 0 0 1 0 0 0 1 0 0 0 1
7.80356e-05 -0.284758 4.75373 4.05253 2.98768e-06 -0.000124931 -1.78814e-06 -0.000124931 0.00603676 0.000116348 -1.78814e-06 0.000116348 3.8147e-06
0.00215021 0.305209 4.93181 3.61689 0.08133 -0.00164926 -0.037147 -0.00164926 8.2016e-05 0.00177574 -0.037147 0.00177574 0.0919228
0 0 0 0 1 0 0 0 1 0 0 0 1
0.000279056 0.776474 4.98519 3.19668 0.171067 0.0336957 0.0140381 0.0336957 0.00679588 0.00323772 0.0140381 0.00323772 0.0044136
0 0 0 0 1 0 0 0 1 0 0 0 1
0.00106634 2.92437 4.71854 3.70235 0.084651 0.0159216 -0.00868988 0.0159206 0.00667 -0.00115395 -0.00868893 -0.00115395 0.0101147
0.00243608 1.50733 4.75989 3.63755 1.04584 -0.00615692 -0.00591516 -0.00615692 0.000171661 -1.33514e-05 -0.00591516 -1.33514e-05 0.0032959
0.000896434 1.31022 5.00075 3.48436 0.103282 -0.00716448 0.00636387 -0.00716448 0.00396919 -0.00489044 0.00636339 -0.00489044 0.0152168
0.0037587 1.15331 4.8239 3.66038 0.574937 -0.0228128 -0.0438552 -0.0228133 0.00187874 0.00548553 -0.0438552 0.00548553 0.0586224
0.00528477 2.94539 4.91758 3.37171 0.160251 -0.00136471 0.00799751 -0.00136471 7.82013e-05 0.00189781 0.00799751 0.00189781 0.16543
0 0 0 0 1 0 0 0 1 0 0 0 1
0.00169052 2.35974 4.84097 3.75159 0.199385 0.00261402 -0.0174723 0.00261402 0.000144958 -0.000993729 -0.0174723 -0.000995636 0.0290308
0 0 0 0 1 0 0 0 1 0 0 0 1
0 0 0 0 1 0 0 0 1 0 0 0 1
0.000399354 2.98199 4.87129 3.35844 0.337262 -0.00394917 0.0731926 -0.00394917 0.000181198 0.00155067 0.0731926 0.00155067 0.132607
0 0 0 0 1 0 0 0 1 0 0 0 1
0.00453878 1.44698 4.78761 3.12866 0.232766 -3.67165e-05 -0.0250759 -3.67165e-05 0.000761032 8.10623e-05 -0.0250759 8.10623e-05 0.0322742
0 0 0 0 1 0 0 0 1 0 0 0 1
0 0 0 0 1 0 0 0 1 0 0 0 1
0 0 0 0 1 0 0 0 1 0 0 0 1
0 0 0 0 1 0 0 0 1 0 0 0 1
0 0 0 0 1 0 0 0 1 0 0 0 1
0 0 0 0 1 0 0 0 1 0 0 0 1
0 0 0 0 1 0 0 0 1 0 0 0 1
0 0 0 0 1 0 0 0 1 0 0 0 1
0.00282891 -2.84014 -0.0223046 0.602498 0.0159845 0.0405299 -0.00198698 0.04053 0.379799 -0.00689656 -0.00198722 -0.00689656 0.000603318
0.00620247 -3.18821 -3.12692 0.962946 0.310528 -0.0559044 0.147532 -0.0559044 0.0451727 -0.0331521 0.147532 -0.0331521 0.094784
0.00134692 -2.84374 1.63717 0.308804 0.0123453 -0.0360236 0.0114427 -0.0360231 0.105378 -0.0326073 0.0114428 -0.0326073 0.0199484
0.00396997 -2.68201 3.33647 0.0130753 0.106515 0.134345 8.12709e-05 0.134345 0.332414 0.00117004 8.12709e-05 0.00117004 7.77841e-06
0.00172478 -2.92631 0.520532 0.485684 0.013381 0.00870979 -0.00114429 0.00870979 0.449797 -0.124009 -0.00114429 -0.124009 0.0403572
0.00253081 -2.98275 -1.13726 0.724783 0.114064 0.0189223 0.0535831 0.0189223 0.0276165 0.00893164 0.0535834 0.00893164 0.0369035
0.00163336 -3.69927 0.486014 0.0463147 0.147205 0.469461 0.00790451 0.469461 1.92008 0.00756783 0.00790451 0.00756783 0.00243592
0.000234107 -1.16184 -1.52518 1.67115 0.00257242 0.000443459 -0.000825047 0.000443459 0.0159819 0.00170565 -0.000825047 0.00170565 0.00205469
0.00365561 -3.48767 4.55054 0.406369 0.123237 -0.0146933 -0.0583292 -0.0146933 0.0230865 0.0164473 -0.0583293 0.0164473 0.0807802
0.00633872 -2.29016 4.63902 0.539463 0.350173 0.00513363 0.0117102 0.00513363 0.00341606 0.0151148 0.0117102 0.0151148 0.0685929
0.000616163 -1.99544 5.05676 0.763968 0.158046 -0.062788 -0.0870302 -0.062788 0.0265064 0.036674 -0.0870302 0.036674 0.162265
0.00565037 -3.80165 4.25564 1.20005 0.0768681 0.013195 -0.0136614 0.013195 0.0347252 0.0328941 -0.0136614 0.0328941 0.0893118
0.00306594 -3.52867 4.48233 0.897703 0.871785 -0.0696297 -0.512483 -0.0696306 0.0164242 0.0422688 -0.512483 0.0422688 0.33214
0.000234107 -2.88665 5.05493 3.39596 0.513469 0.236469 -0.108397 0.236469 0.11375 -0.0409927 -0.108397 -0.0409927 0.0450306
0.00158437 -0.366334 4.41057 3.09478 0.0365726 0.0161722 -0.101861 0.0161722 0.0192013 -0.0421171 -0.101861 -0.0421171 0.340262
0.000548605 -0.24636 4.57861 3.09048 0.0621377 0.00700724 -0.114722 0.00700736 0.00116348 -0.0155764 -0.114722 -0.0155764 0.257679
0.0198056 -3.80134 3.41413 0.257972 0.0996523 0.0314636 -0.021971 0.0314636 0.578916 0.0046277 -0.021971 0.0046277 0.0661557
0 0 0 0 1 0 0 0 1 0 0 0 1
0 0 0 0 1 0 0 0 1 0 0 0 1
0 0 0 0 1 0 0 0 1 0 0 0 1
0.00799043 -3.57641 -3.13702 1.74986 0.154143 -0.0440111 -0.0408177 -0.0440111 0.0534916 -0.0159059 -0.0408177 -0.0159059 0.13547
0.00304544 -4.00658 0.438274 0.838776 0.0312309 -0.0617769 0.00235915 -0.0617769 0.266434 -0.0172401 0.00235915 -0.0172401 0.00709355
0.0090745 -3.1462 1.31709 0.816619 0.0396109 -0.158437 -0.0015378 -0.158437 1.1386 -0.0864264 -0.0015378 -0.0864264 0.0462633
0.000818584 -4.27023 -0.72009 0.748855 0.007761 0.000579596 0.00878143 0.000579119 2.28863 -0.279101 0.00878143 -0.279101 0.0558693
0.00221101 -4.26648 3.02143 3.65184 0.000164032 0.00508213 0.000553131 0.00508022 0.796701 0.00937653 0.000553131 0.00937653 0.00507832
0 0 0 0 1 0 0 0 1 0 0 0 1
0 0 0 0 1 0 0 0 1 0 0 0 1
0 0 0 0 1 0 0 0 1 0 0 0 1
0 0 0 0 1 0 0 0 1 0 0 0 1
0 0 0 0 1 0 0 0 1 0 0 0 1
0.0075752 -4.32223 -2.12718 1.15143 9.34601e-05 0.0019455 0.000593662 0.0019455 0.144879 -0.00875616 0.000593662 -0.00875616 0.435907
0.0587811 -4.34743 1.48902 1.94441 0.000293732 0.0286803 0.00387859 0.0286803 4.55242 0.263246 0.00387859 0.263246 0.939893
0 0 0 0 1 0 0 0 1 0 0 0 1
0 0 0 0 1 0 0 0 1 0 0 0 1
0 0 0 0 1 0 0 0 1 0 0 0 1
0 0 0 0 1 0 0 0 1 0 0 0 1
0 0 0 0 1 0 0 0 1 0 0 0 1
0 0 0 0 1 0 0 0 1 0 0 0 1
0 0 0 0 1 0 0 0 1 0 0 0 1
0 0 0 0 1 0 0 0 1 0 0 0 1
0 0 0 0 1 0 0 0 1 0 0 0 1
0 0 0 0 1 0 0 0 1 0 0 0 1
0 0 0 0 1 0 0 0 1 0 0 0 1
0 0 0 0 1 0 0 0 1 0 0 0 1
0 0 0 0 1 0 0 0 1 0 0 0 1
0 0 0 0 1 0 0 0 1 0 0 0 1
0.0191447 -3.06972 4.00961 4.06422 0.849864 0.231588 0.0234833 0.231588 0.303165 0.0141296 0.0234833 0.0141296 0.00626373
0 0 0 0 1 0 0 0 1 0 0 0 1
0 0 0 0 1 0 0 0 1 0 0 0 1
0.00955961 -2.43636 4.78399 2.03635 0.274295 0.00333118 -0.00687218 0.00333118 0.000310898 -0.00728226 -0.00687218 -0.00728226 0.537819
0.0236051 -2.1308 4.86815 3.46984 1.64456 -0.00644779 -0.0708208 -0.00644779 0.00872612 -0.00530243 -0.0708199 -0.00530243 0.147328
0 0 0 0 1 0 0 0 1 0 0 0 1
0 0 0 0 1 0 0 0 1 0 0 0 1
0 0 0 0 1 0 0 0 1 0 0 0 1
0 0 0 0 1 0 0 0 1 0 0 0 1
0.0293159 -2.46551 4.89315 1.9716 1.55084 0.0164452 0.192113 0.0164452 0.00503349 -0.00811672 0.192113 -0.00811672 0.662687
0 0 0 0 1 0 0 0 1 0 0 0 1
0 0 0 0 1 0 0 0 1 0 0 0 1
0 0 0 0 1 0 0 0 1 0 0 0 1
0 0 0 0 1 0 0 0 1 0 0 0 1
0 0 0 0 1 0 0 0 1 0 0 0 1
0 0 0 0 1 0 0 0 1 0 0 0 1
0 0 0 0 1 0 0 0 1 0 0 0 1
0 0 0 0 1 0 0 0 1 0 0 0 1
0 0 0 0 1 0 0 0 1 0 0 0 1
0 0 0 0 1 0 0 0 1 0 0 0 1
0 0 0 0 1 0 0 0 1 0 0 0 1
0 0 0 0 1 0 0 0 1 0 0 0 1
0 0 0 0 1 0 0 0 1 0 0 0 1
0 0 0 0 1 0 0 0 1 0 0 0 1
0 0 0 0 1 0 0 0 1 0 0 0 1
0 0 0 0 1 0 0 0 1 0 0 0 1
0 0 0 0 1 0 0 0 1 0 0 0 1
0 0 0 0 1 0 0 0 1 0 0 0 1
0 0 0 0 1 0 0 0 1 0 0 0 1
0 0 0 0 1 0 0 0 1 0 0 0 1
0 0 0 0 1 0 0 0 1 0 0 0 1
0 0 0 0 1 0 0 0 1 0 0 0 1
0 0 0 0 1 0 0 0 1 0 0 0 1
0 0 0 0 1 0 0 0 1 0 0 0 1
0 0 0 0 1 0 0 0 1 0 0 0 1
0 0 0 0 1 0 0 0 1 0 0 0 1
0 0 0 0 1 0 0 0 1 0 0 0 1
0 0 0 0 1 0 0 0 1 0 0 0 1
0 0 0 0 1 0 0 0 1 0 0 0 1
0 0 0 0 1 0 0 0 1 0 0 0 1
0 0 0 0 1 0 0 0 1 0 0 0 1
0 0 0 0 1 0 0 0 1 0 0 0 1
0 0 0 0 1 0 0 0 1 0 0 0 1
0 0 0 0 1 0 0 0 1 0 0 0 1
0 0 0 0 1 0 0 0 1 0 0 0 1
0 0 0 0 1 0 0 0 1 0 0 0 1
0 0 0 0 1 0 0 0 1 0 0 0 1
0 0 0 0 1 0 0 0 1 0 0 0 1
0 0 0 0 1 0 0 0 1 0 0 0 1
0 0 0 0 1 0 0 0 1 0 0 0 1
0 0 0 0 1 0 0 0 1 0 0 0 1
0 0 0 0 1 0 0 0 1 0 0 0 1
0 0 0 0 1 0 0 0 1 0 0 0 1
0 0 0 0 1 0 0 0 1 0 0 0 1
0 0 0 0 1 0 0 0 1 0 0 0 1
0 0 0 0 1 0 0 0 1 0 0 0 1
0 0 0 0 1 0 0 0 1 0 0 0 1
0 0 0 0 1 0 0 0 1 0 0 0 1
0 0 0 0 1 0 0 0 1 0 0 0 1
0 0 0 0 1 0 0 0 1 0 0 0 1
0 0 0 0 1 0 0 0 1 0 0 0 1
0 0 0 0 1 0 0 0 1 0 0 0 1
0 0 0 0 1 0 0 0 1 0 0 0 1
0 0 0 0 1 0 0 0 1 0 0 0 1
0 0 0 0 1 0 0 0 1 0 0 0 1
0 0 0 0 1 0 0 0 1 0 0 0 1
0 0 0 0 1 0 0 0 1 0 0 0 1
0 0 0 0 1 0 0 0 1 0 0 0 1
0 0 0 0 1 0 0 0 1 0 0 0 1
0 0 0 0 1 0 0 0 1 0 0 0 1
0 0 0 0 1 0 0 0 1 0 0 0 1
0 0 0 0 1 0 0 0 1 0 0 0 1
0 0 0 0 1 0 0 0 1 0 0 0 1
0 0 0 0 1 0 0 0 1 0 0 0 1
0 0 0 0 1 0 0 0 1 0 0 0 1
0 0 0 0 1 0 0 0 1 0 0 0 1
0 0 0 0 1 0 0 0 1 0 0 0 1
0 0 0 0 1 0 0 0 1 0 0 0 1
0 0 0 0 1 0 0 0 1 0 0 0 1
0 0 0 0 1 0 0 0 1 0 0 0 1
0 0 0 0 1 0 0 0 1 0 0 0 1
0 0 0 0 1 0 0 0 1 0 0 0 1
0 0 0 0 1 0 0 0 1 0 0 0 1
0 0 0 0 1 0 0 0 1 0 0 0 1
0 0 0 0 1 0 0 0 1 0 0 0 1
0 0 0 0 1 0 0 0 1 0 0 0 1
0 0 0 0 1 0 0 0 1 0 0 0 1
0 0 0 0 1 0 0 0 1 0 0 0 1
0 0 0 0 1 0 0 0 1 0 0 0 1
0 0 0 0 1 0 0 0 1 0 0 0 1
0 0 0 0 1 0 0 0 1 0 0 0 1
0 0 0 0 1 0 0 0 1 0 0 0 1
0 0 0 0 1 0 0 0 1 0 0 0 1
0 0 0 0 1 0 0 0 1 0 0 0 1
0 0 0 0 1 0 0 0 1 0 0 0 1
0 0 0 0 1 0 0 0 1 0 0 0 1
0 0 0 0 1 0 0 0 1 0 0 0 1
0 0 0 0 1 0 0 0 1 0 0 0 1
0 0 0 0 1 0 0 0 1 0 0 0 1
0 0 0 0 1 0 0 0 1 0 0 0 1
0 0 0 0 1 0 0 0 1 0 0 0 1
0 0 0 0 1 0 0 0 1 0 0 0 1
0 0 0 0 1 0 0 0 1 0 0 0 1
0 0 0 0 1 0 0 0 1 0 0 0 1
0 0 0 0 1 0 0 0 1 0 0 0 1
0 0 0 0 1 0 0 0 1 0 0 0 1
0 0 0 0 1 0 0 0 1 0 0 0 1
0 0 0 0 1 0 0 0 1 0 0 0 1
0 0 0 0 1 0 0 0 1 0 0 0 1
0 0 0 0 1 0 0 0 1 0 0 0 1
0 0 0 0 1 0 0 0 1 0 0 0 1
0 0 0 0 1 0 0 0 1 0 0 0 1
0 0 0 0 1 0 0 0 1 0 0 0 1
0 0 0 0 1 0 0 0 1 0 0 0 1
0 0 0 0 1 0 0 0 1 0 0 0 1
0 0 0 0 1 0 0 0 1 0 0 0 1
0 0 0 0 1 0 0 0 1 0 0 0 1
0 0 0 0 1 0 0 0 1 0 0 0 1
0 0 0 0 1 0 0 0 1 0 0 0 1
0 0 0 0 1 0 0 0 1 0 0 0 1
0 0 0 0 1 0 0 0 1 0 0 0 1
0 0 0 0 1 0 0 0 1 0 0 0 1
0 0 0 0 1 0 0 0 1 0 0 0 1
0 0 0 0 1 0 0 0 1 0 0 0 1
0 0 0 0 1 0 0 0 1 0 0 0 1
0 0 0 0 1 0 0 0 1 0 0 0 1
0 0 0 0 1 0 0 0 1 0 0 0 1
0 0 0 0 1 0 0 0 1 0 0 0 1
0 0 0 0 1 0 0 0 1 0 0 0 1
0 0 0 0 1 0 0 0 1 0 0 0 1
0 0 0 0 1 0 0 0 1 0 0 0 1
0 0 0 0 1 0 0 0 1 0 0 0 1
0 0 0 0 1 0 0 0 1 0 0 0 1
0 0 0 0 1 0 0 0 1 0 0 0 1
0 0 0 0 1 0 0 0 1 0 0 0 1
0 0 0 0 1 0 0 0 1 0 0 0 1
0 0 0 0 1 0 0 0 1 0 0 0 1
0 0 0 0 1 0 0 0 1 0 0 0 1
0 0 0 0 1 0 0 0 1 0 0 0 1
0 0 0 0 1 0 0 0 1 0 0 0 1
0 0 0 0 1 0 0 0 1 0 0 0 1
0 0 0 0 1 0 0 0 1 0 0 0 1
0 0 0 0 1 0 0 0 1 0 0 0 1
0 0 0 0 1 0 0 0 1 0 0 0 1
0 0 0 0 1 0 0 0 1 0 0 0 1
0 0 0 0 1 0 0 0 1 0 0 0 1
0 0 0 0 1 0 0 0 1 0 0 0 1
0.000234107 0.00437544 4.01656 1.33224 0.000427864 -0.00012883 -0.000390595 -0.00012883 0.000282288 0.000269413 -0.000390595 0.000269413 0.00406694
0 0 0 0 1 0 0 0 1 0 0 0 1
0 0 0 0 1 0 0 0 1 0 0 0 1
0 0 0 0 1 0 0 0 1 0 0 0 1
0 0 0 0 1 0 0 0 1 0 0 0 1
0 0 0 0 1 0 0 0 1 0 0 0 1
0 0 0 0 1 0 0 0 1 0 0 0 1
0.00103088 0.906636 2.17504 0.653823 0.0181077 -0.0395212 0.0138446 -0.0395212 0.086823 -0.0306377 0.0138446 -0.0306377 0.020669
0.000757041 0.31936 2.27351 0.805795 0.0765553 0.0349566 -0.00879686 0.0349566 0.0162373 -0.004655 -0.00879686 -0.00465488 0.00527549
0.00215607 0.440585 1.92596 0.894998 0.0937114 -0.00797457 -0.00180575 -0.00797457 0.0342412 -0.000382662 -0.00180575 -0.000382662 4.72665e-05
0.000356972 0.503934 2.33542 0.600669 0.038584 0.0139606 -0.0133777 0.0139606 0.00514841 -0.00455403 -0.0133777 -0.00455403 0.00647822
0 0 0 0 1 0 0 0 1 0 0 0 1
0 0 0 0 1 0 0 0 1 0 0 0 1
0 0 0 0 1 0 0 0 1 0 0 0 1
0.000329151 0.948207 1.95255 0.853892 0.00963157 -0.0190692 1.60933e-05 -0.0190694 0.1001 -0.000950694 1.5974e-05 -0.000950694 4.82202e-05
0 0 0 0 1 0 0 0 1 0 0 0 1
0.0123658 0.372634 4.89884 1.49694 0.397308 -0.0255615 0.153592 -0.0255615 0.0025177 -0.00546932 0.153592 -0.00546932 0.499053
0 0 0 0 1 0 0 0 1 0 0 0 1
0.0055009 2.2784 4.87416 2.23656 0.954597 0.0402641 -0.27398 0.0402641 0.0022831 -0.0100222 -0.27398 -0.0100222 0.182043
0 0 0 0 1 0 0 0 1 0 0 0 1
0.00422798 -0.534943 4.88248 0.260362 0.418929 0.00785518 0.00503027 0.00785518 0.00481033 0.00285566 0.00503027 0.00285566 0.0338811
0.0139142 2.02257 4.7804 1.70428 0.722893 0.0129185 -0.0838945 0.0129185 0.00102043 -0.00734997 -0.0838945 -0.00734997 0.258272
0.00287887 2.45519 4.88634 0.817953 0.00646162 0.000204086 -0.00867105 0.000204086 0.00296593 0.0122995 -0.00867105 0.0122995 0.366527
0.0021177 2.2919 3.03742 -0.0163328 0.258369 -0.14696 -0.00218374 -0.14696 0.140262 0.00171973 -0.00218374 0.00171973 2.48963e-05
0.00041069 -1.21811 4.29535 0.0131804 0.034139 -0.0145988 -7.37049e-05 -0.0145988 0.0114746 6.77221e-05 -7.37049e-05 6.77221e-05 4.73039e-07
0.00294878 0.559571 3.6892 -0.0019524 0.922208 -0.446898 -0.00974379 -0.446898 0.25272 0.00489466 -0.00974379 0.00489466 0.000104106
0.003481 0.0808409 4.27624 0.00575198 0.199008 -0.0316314 -0.00189538 -0.0316314 0.124367 0.00132577 -0.00189538 0.00132577 2.7142e-05
0.00046548 1.74767 3.43676 -0.0128137 0.659179 -0.539408 -0.0100755 -0.539408 0.516004 0.0089723 -0.0100755 0.00897231 0.000161744
0.00403448 2.68959 3.83171 -0.0137757 0.0895157 -0.0398254 -0.000556707 -0.0398254 0.289959 0.00258465 -0.000556707 0.00258465 2.4338e-05
0.0039346 1.51822 4.08975 -0.00689001 0.291022 -0.00924778 -0.00173429 -0.00924826 0.0742359 0.000560381 -0.00173429 0.000560381 1.41782e-05
0.00104968 0.64775 3.35859 -0.00469415 0.555406 -0.248294 -0.00572529 -0.248294 0.115286 0.00257647 -0.00572529 0.00257647 5.91873e-05
0 0 0 0 1 0 0 0 1 0 0 0 1
0 0 0 0 1 0 0 0 1 0 0 0 1
0.000752167 3.66643 4.8431 0.823333 0.00033474 -0.000850677 0.00033164 -0.000850677 0.00410271 -0.00512648 0.00033164 -0.00512648 0.0798619
0 0 0 0 1 0 0 0 1 0 0 0 1
0.00242708 3.21076 3.20901 0.222794 0.00319099 0.0115395 0.00823843 0.0115395 0.175408 0.0202383 0.00823843 0.0202383 0.0221502
0.00198209 3.37564 3.96997 0.401435 0.0136118 0.022253 0.0206252 0.022253 0.139428 -0.0280515 0.0206252 -0.0280515 0.0829822
0.00153542 3.48326 4.29139 0.271287 0.00125408 -0.000813484 0.00630581 -0.000813484 0.0476112 -0.00302839 0.00630581 -0.00302839 0.0323459
0.00209525 3.55188 4.53436 0.84597 0.000857353 -0.00421143 0.00585079 -0.00421143 0.0822868 -0.0318904 0.00585079 -0.0318909 0.0864435
0 0 0 0 1 0 0 0 1 0 0 0 1
0 0 0 0 1 0 0 0 1 0 0 0 1
0.00412011 2.90503 4.68479 0.516617 0.109322 -0.00372887 0.0015626 -0.00372887 0.00494003 0.0216036 0.00156248 0.0216036 0.10242
0.000780312 -1.18607 4.57399 0.131488 0.0341951 -0.000296593 -0.00720187 -0.000296593 0.00325012 0.00313812 -0.00720187 0.00313812 0.0116679
0.000506302 0.325201 4.60995 0.365434 0.00206956 -0.00142062 -0.00307077 -0.00142074 0.0068531 0.0176154 -0.00307077 0.0176154 0.0572947
0 0 0 0 1 0 0 0 1 0 0 0 1
0 0 0 0 1 0 0 0 1 0 0 0 1
0.00684486 1.40427 4.60348 0.456505 0.357178 0.00127125 0.00672549 0.00127125 0.00619125 0.0214362 0.00672549 0.0214362 0.0748814
0.000519932 -0.290108 3.45258 0.686409 0.00317781 0.00777268 0.0124593 0.00777274 0.0195799 0.0306659 0.0124594 0.0306659 0.0491074
0.00179349 -0.175358 3.89651 1.47678 0.000440195 -0.00303292 -0.00413725 -0.00303292 0.0966358 0.157859 -0.00413725 0.157859 0.261702
0.000606139 0.0151493 4.12316 1.81516 0.00248305 -0.000975903 -0.000146663 -0.000975896 0.0547905 0.0858297 -0.000146663 0.0858297 0.138863
0.000744797 -0.0165196 3.75511 1.27127 0.00256555 -0.00534374 -0.0093149 -0.00534374 0.136543 0.232631 -0.0093149 0.232632 0.396586
0.00066123 0.357966 3.40636 0.555525 0.00474846 -0.00943482 -0.0163954 -0.00943482 0.0208502 0.0356499 -0.0163954 0.0356499 0.0621478
0.00312257 0.199323 3.9861 1.61965 0.00032302 0.000251114 -8.88705e-05 0.000251114 0.20298 0.333579 -8.88407e-05 0.333579 0.551382
0.000205315 -0.123789 3.4546 0.67922 0.0105587 0.00716653 0.0125587 0.00716656 0.0146189 0.0246434 0.0125587 0.0246434 0.041761
0.000358178 0.334551 3.21986 0.161232 0.120112 -0.00218618 -0.0276326 -0.00218618 0.00126743 -0.000608861 -0.0276326 -0.000608921 0.00923139
0 0 0 0 1 0 0 0 1 0 0 0 1
0 0 0 0 1 0 0 0 1 0 0 0 1
0 0 0 0 1 0 0 0 1 0 0 0 1
0 0 0 0 1 0 0 0 1 0 0 0 1
0 0 0 0 1 0 0 0 1 0 0 0 1
0 0 0 0 1 0 0 0 1 0 0 0 1
0 0 0 0 1 0 0 0 1 0 0 0 1
0 0 0 0 1 0 0 0 1 0 0 0 1
0 0 0 0 1 0 0 0 1 0 0 0 1
0 0 0 0 1 0 0 0 1 0 0 0 1
0 0 0 0 1 0 0 0 1 0 0 0 1
0 0 0 0 1 0 0 0 1 0 0 0 1
0.00360022 -0.637555 -2.16091 3.74243 0.00500798 0.0270317 -0.00611138 0.0270318 0.506002 -0.0308275 -0.00611138 -0.0308275 0.0167561
0.00477867 -0.417635 0.988609 3.51737 0.00087297 0.00988486 0.000115514 0.00988489 3.19817 0.00476336 0.000115633 0.0047636 0.000227928
0 0 0 0 1 0 0 0 1 0 0 0 1
0.00871091 -0.631465 1.08662 3.78975 0.00673512 0.057752 -0.00640607 0.057752 3.33299 -0.0124259 -0.00640607 -0.0124259 0.0118656
0 0 0 0 1 0 0 0 1 0 0 0 1
0 0 0 0 1 0 0 0 1 0 0 0 1
0.0063469 -3.20651 0.0903514 3.93534 0.0102005 0.0112121 -0.000897408 0.0112121 2.71155 0.000262529 -0.000897408 0.000262529 0.000164032
0.0887005 -2.21685 0.0487672 4.09154 1.45998 0.489389 -0.00649261 0.489389 4.46173 0.00207806 -0.00649261 0.00207806 0.000219345
0 0 0 0 1 0 0 0 1 0 0 0 1
0 0 0 0 1 0 0 0 1 0 0 0 1
0 0 0 0 1 0 0 0 1 0 0 0 1
0 0 0 0 1 0 0 0 1 0 0 0 1
0 0 0 0 1 0 0 0 1 0 0 0 1
0 0 0 0 1 0 0 0 1 0 0 0 1
0 0 0 0 1 0 0 0 1 0 0 0 1
0 0 0 0 1 0 0 0 1 0 0 0 1
0 0 0 0 1 0 0 0 1 0 0 0 1
0 0 0 0 1 0 0 0 1 0 0 0 1
0 0 0 0 1 0 0 0 1 0 0 0 1
0 0 0 0 1 0 0 0 1 0 0 0 1
0 0 0 0 1 0 0 0 1 0 0 0 1
0 0 0 0 1 0 0 0 1 0 0 0 1
0 0 0 0 1 0 0 0 1 0 0 0 1
0 0 0 0 1 0 0 0 1 0 0 0 1
0 0 0 0 1 0 0 0 1 0 0 0 1
0 0 0 0 1 0 0 0 1 0 0 0 1
0 0 0 0 1 0 0 0 1 0 0 0 1
0 0 0 0 1 0 0 0 1 0 0 0 1
0 0 0 0 1 0 0 0 1 0 0 0 1
0 0 0 0 1 0 0 0 1 0 0 0 1
0 0 0 0 1 0 0 0 1 0 0 0 1
0 0 0 0 1 0 0 0 1 0 0 0 1
0 0 0 0 1 0 0 0 1 0 0 0 1
0.000234139 -4.1321 0.682093 3.73171 0.000980377 0.00028944 -0.000339508 0.00028944 0.00261831 -0.00132871 -0.000339508 -0.00132871 0.00334263
0 0 0 0 1 0 0 0 1 0 0 0 1
0.0173499 -4.30898 -1.00744 3.62628 0.00209045 0.0347214 0.0128088 0.0347214 2.33776 0.230542 0.0128088 0.230542 0.105618
0 0 0 0 1 0 0 0 1 0 0 0 1
0 0 0 0 1 0 0 0 1 0 0 0 1
0 0 0 0 1 0 0 0 1 0 0 0 1
0 0 0 0 1 0 0 0 1 0 0 0 1
0 0 0 0 1 0 0 0 1 0 0 0 1
0 0 0 0 1 0 0 0 1 0 0 0 1
0 0 0 0 1 0 0 0 1 0 0 0 1
0 0 0 0 1 0 0 0 1 0 0 0 1
0.0154012 -2.5933 -3.42938 3.33449 0.945417 -0.000883102 0.0415945 -0.000883102 0.0010519 0.00169373 0.0415945 0.00169563 0.170849
0.000208069 -1.14046 -1.46487 1.86692 0.000357985 0.00211358 -0.000467539 0.00211358 0.017303 -0.00419664 -0.000467539 -0.00419664 0.00219321
0 0 0 0 1 0 0 0 1 0 0 0 1
0 0 0 0 1 0 0 0 1 0 0 0 1
0 0 0 0 1 0 0 0 1 0 0 0 1
0.000130085 -1.2191 -1.62038 1.79053 0.000955105 -0.00077939 -0.000692368 -0.00077939 0.00064373 0.000604153 -0.000692368 0.000603914 0.00129795
0.00109032 -3.27892 -3.12612 3.80217 0.0146189 0.0127029 0.0123606 0.0127029 0.0366344 0.0188055 0.0123606 0.0188055 0.0215559
0 0 0 0 1 0 0 0 1 0 0 0 1
0 0 0 0 1 0 0 0 1 0 0 0 1
0.000942734 -0.398217 -0.110191 3.641 0.00294146 0.0287624 0.000469208 0.0287624 2.13152 0.00917917 0.000469208 0.00917935 0.000397682
0.00489579 -0.329032 0.868493 3.84717 0.000205755 0.014463 0.000738144 0.014463 3.28718 -0.0142632 0.000738144 -0.0142634 0.00672913
0 0 0 0 1 0 0 0 1 0 0 0 1
0.00703734 -0.53488 0.913382 3.58545 0.00534111 0.00378671 0.0067364 0.00378671 3.3408 -0.000229359 0.0067364 -0.000229359 0.0109739
0 0 0 0 1 0 0 0 1 0 0 0 1
0 0 0 0 1 0 0 0 1 0 0 0 1
0 0 0 0 1 0 0 0 1 0 0 0 1
0.000286138 -0.0852756 -2.3582 0.0475068 0.0131711 0.02122 -0.00283769 0.02122 0.110573 -0.00185004 -0.00283769 -0.00185004 0.000739136
0.00483267 -1.01327 -2.21632 0.516868 0.000840783 0.00392222 -0.00684613 0.00392222 0.226058 0.0112872 -0.00684613 0.0112872 0.0821522
0.00239734 -0.889301 -2.17656 1.0203 0.0104592 0.00239277 -0.000551045 0.00239277 0.292466 -0.00599551 -0.000550926 -0.00599527 0.000232339
0.00114782 -1.13573 -1.55892 1.04361 0.000757217 0.00105858 0.0060252 0.00105858 0.0217917 0.00177348 0.0060252 0.00177383 0.179717
0.000504521 -1.08805 -1.5795 0.0725366 0.0120432 0.00123465 0.00371477 0.00123441 0.0114245 0.00104325 0.00371477 0.00104325 0.00294225
0.00530986 -0.638145 -2.19633 0.572207 0.00277522 0.00157964 -0.0135414 0.00157964 0.260958 -0.00175214 -0.0135414 -0.00175214 0.0669971
0.000851968 -0.635351 -1.33851 0.224739 0.0605286 0.00478971 -0.0247128 0.00478971 0.00722969 -0.0077661 -0.0247128 -0.00776607 0.0296123
0.00110918 -0.842296 -1.31384 0.590559 0.00673115 0.000638962 -2.69711e-05 0.000638723 0.000245094 0.00151265 -2.69711e-05 0.00151265 0.0616925
0.0018965 3.34659 -2.14313 0.115983 0.0157404 0.0532618 -0.00466362 0.0532618 0.299413 -0.0187186 -0.00466359 -0.0187186 0.00556081
0 0 0 0 1 0 0 0 1 0 0 0 1
0.00121259 0.941408 2.04438 0.176757 0.0119563 -0.0265658 -0.00207081 -0.0265658 0.060019 0.00664222 -0.00207081 0.00664222 0.00969196
0.00148722 2.91233 -0.385282 0.133826 0.0662174 0.0770097 -0.0114559 0.0770097 0.897852 -0.0417466 -0.0114559 -0.0417466 0.00941984
0.00317836 0.9609 0.765973 0.215072 0.0322001 -0.0291847 0.00315191 -0.0291847 0.140571 -0.0105526 0.00315191 -0.0105526 0.00829261
0.00166256 2.46899 -0.682275 0.204429 0.0031805 0.018569 -0.000302911 0.018569 0.116715 -0.0011992 -0.000302911 -0.0011992 0.0179287
0.00184015 0.768258 1.43924 0.0416645 0.145638 -0.23156 -0.00159134 -0.23156 1.07252 -0.00213816 -0.00159134 -0.00213816 0.000231317
0.0022488 0.189303 2.52058 0.190639 0.202708 -0.165912 0.0127109 -0.165912 0.283321 -0.013777 0.0127109 -0.013777 0.00726582
0.0128857 1.75448 -1.67295 -0.00850167 1.03085 -0.023623 -0.00664838 -0.0236232 0.215708 -0.00136391 -0.00664838 -0.00136391 6.63014e-05
0.0183127 2.16688 0.718687 -0.0185028 0.485336 0.0842456 -0.0026328 0.0842456 0.87607 -0.000293672 -0.0026328 -0.000293672 2.20159e-05
0.0082874 -0.215978 -0.374254 -0.000600223 0.892632 -0.889348 0.00114325 -0.889348 2.29898 -0.00092348 0.00114325 -0.00092348 3.0885e-06
0.00378632 -0.270564 0.0726773 0.00634154 4.10855 -0.874993 -0.0232005 -0.874993 3.54443 0.00456059 -0.0232005 0.00456059 0.000150773
0.00868062 0.552316 2.59964 -0.00643697 0.48502 -0.191606 -0.00567512 -0.191606 0.290068 0.00291077 -0.00567512 0.00291077 6.99308e-05
0.0085128 -1.31724 3.05413 0.00830248 0.341978 -0.0495558 -0.000829207 -0.0495563 0.291052 0.00107668 -0.000829207 0.00107668 5.55005e-06
0.0105342 0.0469613 -0.203282 -0.00336992 0.288601 0.0577589 -0.00308765 0.0577589 0.464062 -0.00132677 -0.00308765 -0.00132677 3.48951e-05
0.00831039 1.21271 -2.75426 -0.0054894 0.661457 0.0455956 -0.00413586 0.0455956 0.131611 -0.000616571 -0.00413586 -0.000616571 2.73599e-05
0.00192423 0.582625 -3.37093 0.158926 2.88358 -0.0823364 0.072587 -0.0823364 0.00276089 -0.00313574 0.072587 -0.00313574 0.0152782
0 0 0 0 1 0 0 0 1 0 0 0 1
0.00290087 -2.67593 -3.36965 0.726591 0.206185 -0.0156231 0.105268 -0.0156231 0.00864792 -0.0129406 0.105268 -0.0129406 0.0879747
0.00680661 -1.5183 -3.35119 0.624753 0.296308 0.0318675 0.0515258 0.0318675 0.0088501 -0.0100832 0.0515258 -0.0100832 0.120492
0.00272382 -1.46375 -3.12179 0.12744 2.7067 -0.117272 0.0283035 -0.117271 0.0261545 -0.00468385 0.0283035 -0.00468382 0.00653978
0.00286295 -2.85715 -3.00544 0.50627 0.262317 -0.00576782 0.0761535 -0.00576687 0.000360489 -0.00145113 0.0761535 -0.00145137 0.0722739
0 0 0 0 1 0 0 0 1 0 0 0 1
0.00681647 0.83483 -3.33131 0.525734 1.25031 0.0063777 -0.230779 0.0063777 0.000109673 -0.00178194 -0.230779 -0.00178194 0.0890563
0.00124558 -2.91539 0.863179 0.135722 0.0379686 0.0156393 0.00669158 0.0156393 0.0791722 0.00184933 0.00669158 0.00184933 0.0039782
0.00047167 -2.68397 -0.17226 0.4922 0.00212431 -0.00423691 0.000651121 -0.00423691 0.676728 -0.125523 0.000651121 -0.125523 0.0235483
0.000641649 -2.70064 -0.967421 0.0883891 0.0303278 -0.0263739 -0.00504902 -0.0263739 0.0296635 0.00621952 -0.00504903 0.00621952 0.00562495
0.00224607 -3.21329 -2.88804 0.2348 0.021841 0.00181389 -0.00403035 0.00181389 0.0724325 -0.00961357 -0.00403035 -0.00961357 0.011899
0.000567925 -3.50966 -1.91767 0.0626599 0.0130796 -0.034369 -0.00637905 -0.0343685 0.371696 0.0468863 -0.00637905 0.0468863 0.00991918
0.00232693 -2.95219 -1.05645 0.370295 0.0592604 -0.00141072 0.0336694 -0.00141072 0.0580851 -0.0092991 0.0336694 -0.0092991 0.0319709
0.000699739 -2.69266 1.21894 0.0277459 0.0310154 -0.0119581 -0.00271695 -0.0119581 0.286067 -0.00394243 -0.00271695 -0.00394243 0.000448415
0.00251732 -2.61311 -0.379763 0.295592 0.00089407 -0.0107375 0.00149447 -0.0107375 0.356817 -0.0259232 0.00149435 -0.0259232 0.0258698
0.00311476 -0.883696 1.21556 0.475318 0.0102432 -0.0224314 0.00228894 -0.0224314 0.0522053 0.00833666 0.00228894 0.00833666 0.0704682
0.00302795 0.666428 1.15216 0.488156 0.0355295 0.00167823 0.0196053 0.00167823 0.0243599 0.0074141 0.0196053 0.0074141 0.055865
0.0029049 -0.609026 1.84674 0.516033 0.0843464 0.0378573 0.0123508 0.0378573 0.0173407 0.00877488 0.0123508 0.00877488 0.0724247
0 0 0 0 1 0 0 0 1 0 0 0 1
0.00125486 -0.0698054 2.07402 0.458162 0.166546 0.0713088 0.0086233 0.0713088 0.0306606 0.00463367 0.0086233 0.00463372 0.00842112
0.00309143 -0.293192 1.42312 0.905818 0.138051 0.0146201 -0.0018169 0.0146201 0.0601728 0.000112534 -0.0018169 0.000112534 2.7597e-05
0.000801619 1.03075 1.8692 0.465482 0.00539923 -0.013008 0.000843823 -0.013008 0.0317814 -0.00168318 0.000843823 -0.00168318 0.00835897
0.00611974 0.0937028 1.13489 0.491033 0.248157 0.115202 0.0254408 0.115202 0.0557928 0.02166 0.0254408 0.02166 0.0605913
0.00704141 -1.9029 -0.298113 0.00682878 0.197838 -0.357291 -3.88948e-05 -0.357291 1.30394 -0.000169595 -3.88948e-05 -0.000169595 3.62234e-07
0.00201489 -3.87476 -2.22408 0.0131339 0.0494318 0.0387173 -0.000202041 0.0387173 0.13645 -0.000729892 -0.000202041 -0.000729892 4.15767e-06
0.0057501 -1.97773 1.71835 0.00594789 0.280549 0.0510752 -0.000896269 0.0510752 0.248546 -0.000164965 -0.000896269 -0.000164965 3.45698e-06
0.000526736 -3.97995 -1.49196 0.0130235 0.0115108 0.0213695 -2.1223e-05 0.0213695 0.0826533 0.00025511 -2.1223e-05 0.00025511 2.15687e-06
0.00363612 -3.15435 -2.09835 0.011597 0.11183 -0.0353079 -0.000258435 -0.0353079 0.397655 -0.000632726 -0.000258435 -0.000632726 2.81207e-06
0.00387256 -1.90909 -1.12505 0.0060598 0.224321 0.043952 -0.000133773 0.043952 0.423192 -1.15442e-05 -0.000133773 -1.15442e-05 1.73157e-07
0.00480436 -2.04666 -2.5843 0.00810378 0.194835 -0.0578198 -0.000219667 -0.0578198 0.179676 -0.000507997 -0.000219667 -0.000507997 2.46583e-06
0.00325591 -1.23466 0.586941 0.00472574 0.0865297 -0.0485501 -0.00034987 -0.0485501 0.207844 -0.000276735 -0.00034987 -0.000276735 3.006e-06
0.001378 -0.334455 -2.19957 0.107739 0.0151994 -0.0287675 -0.000149269 -0.0287675 0.273285 -0.00086993 -0.000149269 -0.00086993 1.29761e-05
0.00175533 2.87659 -2.85288 0.0141205 0.0486383 0.023838 0.000245858 0.0238371 0.0839834 -0.000329696 0.000245858 -0.000329692 5.58763e-06
0.000693419 -0.184181 -1.91787 0.101165 0.00421393 -0.019301 -0.000168692 -0.019301 0.199004 0.000412196 -0.000168692 0.000412196 1.00844e-05
0.000691465 -0.10679 -1.99212 0.103008 0.00160632 -0.000215217 -7.65175e-06 -0.000215217 0.257157 0.000247598 -7.64988e-06 0.000247642 9.94653e-07
0.000234842 -0.982638 -1.63514 0.124587 0.0252969 0.00889444 -0.000971586 0.00889444 0.0936894 -0.00305818 -0.000971586 -0.00305821 0.000160824
0 0 0 0 1 0 0 0 1 0 0 0 1
0.000559723 2.15464 -3.21144 0.026762 0.197865 0.0472736 -0.00728035 0.0472736 0.0406809 -0.00234513 -0.00728035 -0.00234513 0.000329843
0.000539886 -0.324838 -1.79114 0.0929454 0.0337853 0.0328628 -0.00161169 0.0328628 0.046603 -0.00170328 -0.00161169 -0.00170328 0.00010678
0.00909307 3.50769 2.72096 3.09926 0.000622749 0.00310516 0.00144482 0.00310516 0.323117 0.0598583 0.00144482 0.0598583 0.133565
0.00403725 3.69286 -0.707176 3.44203 0.0419807 -0.17372 -0.0558252 -0.17372 0.766576 0.23082 -0.0558252 0.23082 0.137159
0 0 0 0 1 0 0 0 1 0 0 0 1
0 0 0 0 1 0 0 0 1 0 0 0 1
0.0237436 3.6166 1.12214 3.18745 0.00536537 -0.0309348 -0.0172062 -0.0309348 2.18342 0.388921 -0.0172062 0.388921 0.351983
0 0 0 0 1 0 0 0 1 0 0 0 1
0.0210544 3.53925 -1.86748 3.15689 0.00478077 -0.0382996 0.00423145 -0.0382996 0.761722 -0.0871234 0.00423145 -0.0871243 0.270354
0 0 0 0 1 0 0 0 1 0 0 0 1
0.00444797 2.84901 -1.11411 1.21946 0.069561 -0.000766277 -0.0139482 -0.000766277 0.000235796 0.00714958 -0.0139482 0.00714958 0.228182
0 0 0 0 1 0 0 0 1 0 0 0 1
0.000104102 3.32573 -0.834227 1.95458 0.00463295 0.00975227 0.00169563 0.00975204 0.0247887 0.00431824 0.00169563 0.00431824 0.000767231
0 0 0 0 1 0 0 0 1 0 0 0 1
0.00397981 2.96575 -0.0349405 1.14232 0.0589437 0.00760375 0.00860667 0.00760375 0.00102545 0.00410496 0.00860667 0.00410496 0.208036
0 0 0 0 1 0 0 0 1 0 0 0 1
0 0 0 0 1 0 0 0 1 0 0 0 1
0 0 0 0 1 0 0 0 1 0 0 0 1
0 0 0 0 1 0 0 0 1 0 0 0 1
0.0192359 1.32061 -3.34173 1.63703 1.50199 0.00086832 -0.164874 0.00086832 0.000141144 -0.00376081 -0.164874 -0.00376081 0.276918
0 0 0 0 1 0 0 0 1 0 0 0 1
0 0 0 0 1 0 0 0 1 0 0 0 1
0 0 0 0 1 0 0 0 1 0 0 0 1
0 0 0 0 1 0 0 0 1 0 0 0 1
0 0 0 0 1 0 0 0 1 0 0 0 1
0.0247502 1.28391 -3.44475 3.1057 1.91746 -0.00546598 0.101918 -0.00546598 0.00124168 0.00106239 0.101918 0.00106239 0.491739
0.00614517 3.54487 0.968293 0.961572 0.00488949 0.0269313 0.0453956 0.0269308 0.31908 0.247301 0.0453956 0.247302 0.442473
0.0027076 3.47591 1.97471 0.438174 0.0238943 0.00998878 0.0197933 0.00998878 0.0121841 -5.70416e-05 0.0197933 -5.70416e-05 0.100691
0.0210086 3.55126 3.17332 1.64795 0.0082016 0.0751572 0.0524359 0.0751572 1.04644 0.548169 0.0524359 0.548169 0.594319
0.00159656 3.45475 0.0259671 0.787545 0.0135441 0.00208171 0.0124373 0.00208171 0.000401522 0.00515194 0.0124373 0.00515194 0.241625
0 0 0 0 1 0 0 0 1 0 0 0 1
0 0 0 0 1 0 0 0 1 0 0 0 1
0.00814284 3.51855 1.88999 1.81779 0.000779152 -0.0224929 -0.00660276 -0.0224929 1.03475 0.239872 -0.00660324 0.239872 0.147207
0.00334482 3.30444 2.58345 0.540529 0.00900173 0.0315962 0.0196956 0.0315962 0.209443 0.0551925 0.0196956 0.0551925 0.0453155
0 0 0 0 1 0 0 0 1 0 0 0 1
0 0 0 0 1 0 0 0 1 0 0 0 1
0 0 0 0 1 0 0 0 1 0 0 0 1
0 0 0 0 1 0 0 0 1 0 0 0 1
0.0630007 2.03209 -0.528544 4.03547 0.84506 0.471875 -0.014287 0.471875 2.99001 -0.011663 -0.014287 -0.011663 0.00436592
0 0 0 0 1 0 0 0 1 0 0 0 1
0 0 0 0 1 0 0 0 1 0 0 0 1
0 0 0 0 1 0 0 0 1 0 0 0 1
0 0 0 0 1 0 0 0 1 0 0 0 1
0 0 0 0 1 0 0 0 1 0 0 0 1
0 0 0 0 1 0 0 0 1 0 0 0 1
0 0 0 0 1 0 0 0 1 0 0 0 1
0 0 0 0 1 0 0 0 1 0 0 0 1
0 0 0 0 1 0 0 0 1 0 0 0 1
0 0 0 0 1 0 0 0 1 0 0 0 1
0 0 0 0 1 0 0 0 1 0 0 0 1
0.00114456 -0.343624 -2.86746 3.89265 0.000107095 -2.89679e-05 0.00103641 -2.89679e-05 0.108712 -0.00744724 0.00103641 -0.00744724 0.0133495
0.00109255 -0.581556 -3.01902 3.60558 0.00127485 0.00105512 4.64916e-05 0.00105512 0.0500698 -0.0107603 4.64916e-05 -0.0107603 0.00854301
0.000470151 -0.442496 -2.87256 3.70806 8.37743e-05 0.0014329 -0.000161767 0.00143301 0.085885 -0.0042944 -0.000161767 -0.0042944 0.00176716
0.000858336 -0.423869 -2.644 3.51222 0.000733048 0.00144112 0.000227571 0.00144112 0.100427 8.01086e-05 0.000227571 7.9155e-05 0.000126839
0 0 0 0 1 0 0 0 1 0 0 0 1
0.000180107 -0.38285 -3.26229 3.65119 0.00341304 -0.000730991 0.000430822 -0.000730991 0.0054636 0.000905037 0.000430822 0.000905037 0.000299454
0 0 0 0 1 0 0 0 1 0 0 0 1
0 0 0 0 1 0 0 0 1 0 0 0 1
0.00210829 3.49534 -1.73898 1.31873 0.00981808 -0.047359 -0.00147438 -0.047359 0.245065 0.0136373 -0.00147438 0.0136375 0.225275
0.00250859 3.4733 -1.67754 0.427837 0.00117683 -5.91278e-05 0.000508428 -5.91278e-05 0.11462 -0.00229537 0.000508428 -0.00229537 0.0231899
0.00597779 3.25177 -2.75302 1.07353 0.00332832 0.00726986 0.0181952 0.00726986 0.164651 0.0241847 0.0181949 0.0241847 0.258733
0.00811252 3.55968 -1.66465 1.42904 0.00212955 0.0060339 -0.0145712 0.0060339 0.171508 -0.0062325 -0.0145707 -0.0062325 0.299112
0.000828076 3.48962 -1.57109 1.73497 0.0162868 0.0770478 0.0257463 0.0770478 0.370549 0.12989 0.0257463 0.12989 0.0696814
0.00310811 3.21387 -2.8022 2.06288 0.000997543 0.00645733 7.82013e-05 0.00645733 0.147742 0.00632668 7.82013e-05 0.00632668 0.0567036
0 0 0 0 1 0 0 0 1 0 0 0 1
0.00466906 3.47496 -1.84651 1.74903 0.000171661 -0.000884056 -0.00299311 -0.000884056 0.240685 0.0360599 -0.00299311 0.0360599 0.223297
